Algorithm 1 - Enumeration
Original: [1, 2, 4, -1, 4, -10, 4, -19, 18, -1, -3, -4, 11, 3, -20, 19, -33, 50, 66, -22, -4, -55, 91, 100, -102, 9, 10, 19, -10, 10, 11, 11, -10, -18, 50, 90]
Subarray: [50, 66, -22, -4, -55, 91, 100, -102, 9, 10, 19, -10, 10, 11, 11, -10, -18, 50, 90]
Max Sum: 296
Run time: 0.0011260509491

Algorithm 2 - Better Enumeration
Original: [1, 2, 4, -1, 4, -10, 4, -19, 18, -1, -3, -4, 11, 3, -20, 19, -33, 50, 66, -22, -4, -55, 91, 100, -102, 9, 10, 19, -10, 10, 11, 11, -10, -18, 50, 90]
Subarray: [50, 66, -22, -4, -55, 91, 100, -102, 9, 10, 19, -10, 10, 11, 11, -10, -18, 50, 90]
Max Sum: 296
Run time: 9.79900360107e-05

Algorithm 3 - Divide and Conquer
Original: [1, 2, 4, -1, 4, -10, 4, -19, 18, -1, -3, -4, 11, 3, -20, 19, -33, 50, 66, -22, -4, -55, 91, 100, -102, 9, 10, 19, -10, 10, 11, 11, -10, -18, 50, 90]
Subarray: [50, 66, -22, -4, -55, 91, 100, -102, 9, 10, 19, -10, 10, 11, 11, -10, -18, 50, 90]
Max Sum: 296
Run time: 0.000152826309204

Algorithm 4 - Linear
Original: [1, 2, 4, -1, 4, -10, 4, -19, 18, -1, -3, -4, 11, 3, -20, 19, -33, 50, 66, -22, -4, -55, 91, 100, -102, 9, 10, 19, -10, 10, 11, 11, -10, -18, 50, 90]
Subarray: [50, 66, -22, -4, -55, 91, 100, -102, 9, 10, 19, -10, 10, 11, 11, -10, -18, 50, 90]
Max Sum: 296
Run time: 9.05990600586e-06

Algorithm 1 - Enumeration
Original: [12, 12, 14, -88, -1, 45, 6, 8, -33, 2, 8, -9, -33, -8, -23, -77, -89, 1, 9, 10, 92, 87]
Subarray: [1, 9, 10, 92, 87]
Max Sum: 199
Run time: 0.000358819961548

Algorithm 2 - Better Enumeration
Original: [12, 12, 14, -88, -1, 45, 6, 8, -33, 2, 8, -9, -33, -8, -23, -77, -89, 1, 9, 10, 92, 87]
Subarray: [1, 9, 10, 92, 87]
Max Sum: 199
Run time: 4.81605529785e-05

Algorithm 3 - Divide and Conquer
Original: [12, 12, 14, -88, -1, 45, 6, 8, -33, 2, 8, -9, -33, -8, -23, -77, -89, 1, 9, 10, 92, 87]
Subarray: [1, 9, 10, 92, 87]
Max Sum: 199
Run time: 8.01086425781e-05

Algorithm 4 - Linear
Original: [12, 12, 14, -88, -1, 45, 6, 8, -33, 2, 8, -9, -33, -8, -23, -77, -89, 1, 9, 10, 92, 87]
Subarray: [1, 9, 10, 92, 87]
Max Sum: 199
Run time: 5.96046447754e-06

Algorithm 1 - Enumeration
Original: [565, 78, 33, 9, 10, 84, 71, -4, -22, -55, -10, 76, -9, -9, -11, 76, 89, 11, 10, -33, 9]
Subarray: [565, 78, 33, 9, 10, 84, 71, -4, -22, -55, -10, 76, -9, -9, -11, 76, 89, 11, 10]
Max Sum: 992
Run time: 0.000316858291626

Algorithm 2 - Better Enumeration
Original: [565, 78, 33, 9, 10, 84, 71, -4, -22, -55, -10, 76, -9, -9, -11, 76, 89, 11, 10, -33, 9]
Subarray: [565, 78, 33, 9, 10, 84, 71, -4, -22, -55, -10, 76, -9, -9, -11, 76, 89, 11, 10]
Max Sum: 992
Run time: 4.50611114502e-05

Algorithm 3 - Divide and Conquer
Original: [565, 78, 33, 9, 10, 84, 71, -4, -22, -55, -10, 76, -9, -9, -11, 76, 89, 11, 10, -33, 9]
Subarray: [565, 78, 33, 9, 10, 84, 71, -4, -22, -55, -10, 76, -9, -9, -11, 76, 89, 11, 10]
Max Sum: 992
Run time: 7.70092010498e-05

Algorithm 4 - Linear
Original: [565, 78, 33, 9, 10, 84, 71, -4, -22, -55, -10, 76, -9, -9, -11, 76, 89, 11, 10, -33, 9]
Subarray: [565, 78, 33, 9, 10, 84, 71, -4, -22, -55, -10, 76, -9, -9, -11, 76, 89, 11, 10]
Max Sum: 992
Run time: 5.96046447754e-06

Algorithm 1 - Enumeration
Original: [2, 3, 3, 3, 3, 3, 3, 3, 3, 3, 3, 3, 3, 3, 3, 3, 3, 3, 3, 3, 3, 3, 3, 3, 3, 3, 3, 3, 3, 3, 3]
Subarray: [2, 3, 3, 3, 3, 3, 3, 3, 3, 3, 3, 3, 3, 3, 3, 3, 3, 3, 3, 3, 3, 3, 3, 3, 3, 3, 3, 3, 3, 3, 3]
Max Sum: 92
Run time: 0.000739097595215

Algorithm 2 - Better Enumeration
Original: [2, 3, 3, 3, 3, 3, 3, 3, 3, 3, 3, 3, 3, 3, 3, 3, 3, 3, 3, 3, 3, 3, 3, 3, 3, 3, 3, 3, 3, 3, 3]
Subarray: [2, 3, 3, 3, 3, 3, 3, 3, 3, 3, 3, 3, 3, 3, 3, 3, 3, 3, 3, 3, 3, 3, 3, 3, 3, 3, 3, 3, 3, 3, 3]
Max Sum: 92
Run time: 9.10758972168e-05

Algorithm 3 - Divide and Conquer
Original: [2, 3, 3, 3, 3, 3, 3, 3, 3, 3, 3, 3, 3, 3, 3, 3, 3, 3, 3, 3, 3, 3, 3, 3, 3, 3, 3, 3, 3, 3, 3]
Subarray: [2, 3, 3, 3, 3, 3, 3, 3, 3, 3, 3, 3, 3, 3, 3, 3, 3, 3, 3, 3, 3, 3, 3, 3, 3, 3, 3, 3, 3, 3, 3]
Max Sum: 92
Run time: 0.000117063522339

Algorithm 4 - Linear
Original: [2, 3, 3, 3, 3, 3, 3, 3, 3, 3, 3, 3, 3, 3, 3, 3, 3, 3, 3, 3, 3, 3, 3, 3, 3, 3, 3, 3, 3, 3, 3]
Subarray: [2, 3, 3, 3, 3, 3, 3, 3, 3, 3, 3, 3, 3, 3, 3, 3, 3, 3, 3, 3, 3, 3, 3, 3, 3, 3, 3, 3, 3, 3, 3]
Max Sum: 92
Run time: 8.10623168945e-06

Algorithm 1 - Enumeration
Original: [2]
Subarray: [2]
Max Sum: 2
Run time: 1.90734863281e-06

Algorithm 2 - Better Enumeration
Original: [2]
Subarray: [2]
Max Sum: 2
Run time: 1.90734863281e-06

Algorithm 3 - Divide and Conquer
Original: [2]
Subarray: [2]
Max Sum: 2
Run time: 0.0

Algorithm 4 - Linear
Original: [2]
Subarray: [2]
Max Sum: 2
Run time: 1.90734863281e-06

Algorithm 1 - Enumeration
Original: [-1, -1, -1, -1, -1, -100, -10, -10, 100, 100, 100, 100, -100, 100, 10, -10, -1]
Subarray: [100, 100, 100, 100, -100, 100, 10]
Max Sum: 410
Run time: 0.000201940536499

Algorithm 2 - Better Enumeration
Original: [-1, -1, -1, -1, -1, -100, -10, -10, 100, 100, 100, 100, -100, 100, 10, -10, -1]
Subarray: [100, 100, 100, 100, -100, 100, 10]
Max Sum: 410
Run time: 3.69548797607e-05

Algorithm 3 - Divide and Conquer
Original: [-1, -1, -1, -1, -1, -100, -10, -10, 100, 100, 100, 100, -100, 100, 10, -10, -1]
Subarray: [100, 100, 100, 100, -100, 100, 10]
Max Sum: 410
Run time: 5.98430633545e-05

Algorithm 4 - Linear
Original: [-1, -1, -1, -1, -1, -100, -10, -10, 100, 100, 100, 100, -100, 100, 10, -10, -1]
Subarray: [100, 100, 100, 100, -100, 100, 10]
Max Sum: 410
Run time: 5.00679016113e-06

Algorithm 1 - Enumeration
Original: [12, 23, 44, -17, 12, 14, -88, -1, 45, 6, 8, -33, 2, 8, -9, -33, -8, -23, -77, -89, 1, 9, 13, -25, 10, 92, 57, 99, -22]
Subarray: [10, 92, 57, 99]
Max Sum: 258
Run time: 0.000687122344971

Algorithm 2 - Better Enumeration
Original: [12, 23, 44, -17, 12, 14, -88, -1, 45, 6, 8, -33, 2, 8, -9, -33, -8, -23, -77, -89, 1, 9, 13, -25, 10, 92, 57, 99, -22]
Subarray: [10, 92, 57, 99]
Max Sum: 258
Run time: 6.79492950439e-05

Algorithm 3 - Divide and Conquer
Original: [12, 23, 44, -17, 12, 14, -88, -1, 45, 6, 8, -33, 2, 8, -9, -33, -8, -23, -77, -89, 1, 9, 13, -25, 10, 92, 57, 99, -22]
Subarray: [10, 92, 57, 99]
Max Sum: 258
Run time: 0.000105857849121

Algorithm 4 - Linear
Original: [12, 23, 44, -17, 12, 14, -88, -1, 45, 6, 8, -33, 2, 8, -9, -33, -8, -23, -77, -89, 1, 9, 13, -25, 10, 92, 57, 99, -22]
Subarray: [10, 92, 57, 99]
Max Sum: 258
Run time: 5.96046447754e-06

